762
1 64116473
1 33827002
2 29819558 7338233
1 1009865
2 45461274 5647247
1 97226926
1 69262153
2 12108423 865983
2 16325892 7297023
1 49582364
1 70025556
2 67490768 6620979
1 53026559
2 85298379 1446213
2 74021266 6543106
2 43596474 5504269
1 2962461
1 79812483
1 11268854
1 58470962
2 36179021 4629679
2 12237132 220372
1 91126446
1 8418288
1 86477259
1 78167970
2 29677296 7154377
2 91764470 1787113
1 8948695
1 23677530
2 75655339 1812473
2 86526822 8366941
1 35284502
2 57059442 9551747
2 67744021 6164736
1 77898676
2 16875679 7211486
1 31743496
2 69440936 9118906
2 68975095 2908779
2 63389908 9065762
1 88671494
1 72251794
2 35533470 8069272
2 30551379 4164932
2 28773427 3559524
1 49044016
2 60576257 4092944
2 38664725 7954101
2 35883246 9602475
2 55872544 8427671
1 21503321
2 52677160 4223314
1 46948805
1 60502667
2 22408442 3800763
2 48968969 7883386
2 68988787 6545448
1 98450854
2 71877124 6473077
2 73652403 593587
2 33367 4406162
1 13211527
2 60337503 4604419
1 55319377
2 83982914 1703891
2 65887916 7499685
2 40940510 4111392
2 82575182 3941296
1 28168168
2 59854003 2496008
1 41407256
1 68543053
1 59292798
1 35346001
1 59540264
2 63296718 6804992
1 28899027
1 57219537
2 85177949 1337856
2 74964982 769807
2 27518068 9713532
1 56120838
1 479569
2 81621372 8804977
1 2037764
2 72062812 7512227
1 41984752
1 69363212
2 59059974 4462711
1 46201333
1 99409039
1 4338870
2 21396750 498330
2 94741669 8918127
1 37528926
2 77335349 61172
2 26972964 372148
1 67501618
2 58103395 1572573
1 97428719
2 35004613 3772361
1 46925276
2 92819779 6802175
1 149807
2 91682606 5575696
1 93670880
1 82448120
1 90394421
1 32873829
2 72265378 7473255
2 67199799 9192043
2 29741102 7976984
1 43029994
2 27369120 2671554
1 80586222
2 57993010 2667461
1 99640692
1 83434701
1 63062844
1 78313689
2 58208574 958412
2 87500639 4492712
2 85824992 7077956
1 26133575
2 90595689 5829238
1 3956200
2 7013340 5649580
2 27482533 753638
2 95399282 2486402
2 82904907 5771445
2 1199905 8986400
2 48383633 4245618
1 90600671
2 27116439 9889767
1 69482065
1 44321621
2 99363150 6321391
2 74272558 1389089
1 48038367
1 67516970
2 51287800 2376169
2 8937616 6272386
1 5050171
2 24558770 4795513
1 70879800
2 30439672 1720675
2 12087095 4370089
2 34564031 4115482
2 41084290 1835744
1 10800461
1 69262163
2 97588953 3551899
1 71543805
1 43000168
2 24597963 2374591
2 51957250 1449116
2 80476874 3486787
2 14463828 6906381
1 77222491
2 44879256 1543545
1 93026054
2 56895184 1692819
2 43085403 5246432
1 97606298
1 50348050
2 82237047 6096458
2 23215487 3059227
2 16007168 9312262
1 67126613
1 62899583
2 7796411 9948713
2 93488330 8594566
2 80766675 4987486
2 26196422 9265545
2 65900894 573823
2 93096604 9177194
1 44954226
1 62463620
2 24426672 1747034
1 43779847
1 31555343
2 97885401 3976674
2 46146842 3705118
1 87353976
1 98151258
2 2865900 2955356
1 45173451
2 42324319 9793910
1 27632632
2 86156740 6071737
1 46184984
2 1019723 8610030
2 52558917 8380371
2 855591 3203090
2 76677265 2545991
2 71296675 2821875
1 4608051
2 36084567 1731156
1 90575372
1 96676736
2 40289625 7046288
2 14497405 4936993
2 26861925 3237592
2 95818658 7900204
1 28459447
2 73355798 2789309
1 81155776
2 98704851 6759803
1 80903975
2 20619711 9075597
1 28125825
1 36363004
1 62228859
1 91934805
1 14920888
1 86219079
2 79308577 8883578
1 29752019
1 20894225
2 54568164 6947575
1 67113945
2 39672208 1333184
1 59429297
1 31698068
2 87613541 6341604
2 66195002 37042
2 30494578 9178145
2 99529752 9032571
1 56269613
1 7152137
1 13626079
1 32847380
2 28292084 5377229
2 60776408 6969262
1 36116755
2 68212260 1713678
1 16009433
2 25997645 1052479
2 70993749 7049045
2 92417903 5697952
1 67529901
2 88724966 6282632
2 64683056 4053159
2 61447125 9915917
1 56032314
1 96769790
1 27883601
2 57684325 2220241
1 67150193
2 28837882 7148971
2 43613037 2368515
1 3905360
2 49430767 7358582
2 97485004 481360
1 7857586
1 26793311
1 13317896
2 21482517 4588786
2 35284172 5796774
2 91433558 2102368
2 18208027 8283629
2 73445924 6080647
2 11992078 3930205
1 10257754
1 62213733
2 10947428 975923
2 47816186 8799967
2 90914305 7168389
1 91426366
2 7340534 3392911
2 45341432 9875394
1 4296836
2 90703669 6153451
2 11323763 470313
2 19742297 5559616
1 80779214
2 43737750 481247
2 1974318 2474931
2 52301981 1922435
2 90256742 3490377
2 62595536 7477068
2 7812858 8299282
1 10690697
2 27682437 1405392
2 75248426 4240226
1 45195459
2 95144250 9375457
2 10599392 4493345
2 82310038 8846635
1 22726060
1 34836506
2 73420845 8990387
2 86765115 2202241
2 51857333 6275612
1 20716909
2 43401156 8938657
2 41829516 2322379
1 59306929
2 30945940 7178173
1 52531644
2 76032020 7655334
1 48735114
1 42395301
2 3891474 282712
1 54405124
1 71017400
2 37773438 7364379
2 7386073 3475162
2 9722528 2061613
1 98923600
2 56250212 8866665
1 75431961
1 63173706
2 88484876 3970990
1 31762199
2 95799188 1262404
1 26430025
2 88317740 9603065
1 68145202
2 37706273 6358912
1 3553951
1 24126169
2 26122209 5876700
2 39924369 6098954
2 35834777 6635955
2 21417122 5388285
1 51272803
1 85736762
2 26167950 4321561
1 14281194
2 86099019 3964014
1 33307871
2 57023131 7743642
1 84300256
1 71168533
1 56258488
1 8356159
2 76927336 8316781
1 88712108
2 55297974 5351063
1 57045112
2 7979021 9258341
1 86723148
1 51514711
2 71936498 3347110
1 38929121
1 45796964
1 31119726
2 37207421 2339450
2 14343161 1339390
2 21747746 3244663
2 46221179 7242219
2 22079099 2993256
1 46731395
2 74397542 8460335
2 83005485 9326485
2 84243020 6554174
2 25626151 1418449
2 28410638 2273316
1 23325398
1 96081745
1 99027818
2 84741349 3430634
1 79811307
1 7568043
1 26453750
1 51507719
2 42162967 409948
2 78652677 1000509
1 50602964
1 12776460
2 59888911 6377335
2 48864783 5663060
2 93744965 7004347
1 64852457
1 55067092
2 73677259 7302738
2 39018232 4216796
2 13487558 6139738
1 24706937
1 98025954
1 32411568
1 49777787
2 26685732 5284041
1 72380479
2 78550871 8422038
1 21116067
2 67852573 9814910
2 4390532 325090
1 87645716
2 76217621 9928430
2 46777921 1630999
1 16518636
2 53739769 1373627
2 36565054 8448117
1 42682442
1 48179565
2 45744597 7664534
1 32312422
1 34678758
1 80099987
2 34578613 81806
1 88720047
2 98698761 3496981
2 71662292 4614418
2 98987980 1528084
2 91027694 2981381
1 55320784
1 58314922
1 48639463
1 18092878
1 48130239
1 91765566
2 37966149 7214845
2 91587854 5746191
2 60521661 7569048
2 63112853 5531428
2 40183 1536471
2 23727721 4171964
1 79971597
1 19988430
1 93826986
2 71988173 796061
1 89880747
2 49425329 7809928
2 29674395 7317162
2 89560455 4595486
1 46711228
2 75038580 8692842
1 56974183
1 17490179
2 16942270 2440178
1 32673258
1 28730833
1 17312703
2 31257109 4772444
2 46929140 4500562
2 99072541 2929145
1 61619285
2 23739305 3049763
2 39496523 2743051
2 50584984 5434273
1 80292411
2 29312595 1959988
2 52455277 1079260
2 90721057 128043
2 12794666 1771321
2 17497563 8289275
2 92979430 9214368
1 95409598
1 16092
2 97605358 1081046
2 28686276 283712
2 17575267 3219639
1 18027243
1 47833856
1 88560001
2 73400326 113977
1 73100548
1 99098391
2 97474027 9976046
1 64210536
1 98668852
1 22415818
2 98511399 4878633
2 89261649 2971806
2 70380087 4652538
1 41206867
2 35663145 9688290
2 52567280 5365058
2 79628505 1734858
1 45300256
1 33966291
1 27436302
1 54806772
1 1870369
2 56504489 1302987
2 4126394 2962326
2 75213570 4368759
1 56304436
2 9861825 6207921
1 74192970
1 33481231
2 34054009 7643311
2 46658648 2048866
1 52184154
2 9061929 2806831
1 53830213
2 4851829 9053526
2 20401039 5546853
1 85003930
1 23197182
1 53223317
2 92407380 981658
1 9886224
2 59132921 7609174
1 19936240
1 60694303
2 10132450 9019172
1 57808389
1 6168607
1 66579029
1 96214762
2 44473413 602994
1 80883082
2 82099614 5802692
1 37340873
1 12245882
2 10653859 2197685
1 88920331
1 66725577
1 83284712
1 94684086
1 12325867
2 28643586 8946934
1 18448388
2 47397750 2724631
1 86622109
1 83482185
1 59018341
1 20069859
2 39877722 7271088
1 88875414
1 91511475
1 94240678
2 10202643 8453719
2 30418022 3505910
1 83831959
1 52380682
2 6925396 1388506
1 32056737
2 17260735 7648870
2 90335709 4810763
1 13612997
1 78188118
2 20079444 7700771
1 98170377
1 44372764
2 31886590 1222768
1 4641869
1 55778955
2 81143820 1503017
2 44600716 7556837
2 16857389 6888679
2 73705862 6476621
1 51910258
1 19657550
2 23951029 1417381
2 74056110 5104625
1 1016690
1 16993362
2 40528237 8044452
1 87287487
2 90075815 8079681
1 450563
2 76951594 3886812
2 41905832 8818138
1 72168533
2 13948256 5447070
1 63432703
2 36911877 9955168
2 94211204 7857661
1 33044971
1 88005921
1 92449605
2 54263250 8886357
2 90376665 6515251
1 49247605
1 19622551
1 54955344
2 10869478 4694668
1 30474886
1 10285265
2 14619547 3670241
2 87325117 6952884
2 72706910 2291785
1 26117615
1 67299229
2 38860665 2497880
2 49861778 6355728
2 10510670 4177052
2 53018982 2823850
1 75565943
2 46394799 2603776
2 49911679 5370219
2 42889636 6219653
2 65157353 3601612
2 90771961 368665
2 97983412 3149630
2 31435629 8633973
2 47385061 2044436
2 74628661 1001630
2 13063351 4621810
1 24182187
1 92497496
2 43094489 886101
2 15015994 8052533
2 23216715 2939100
1 18074206
2 59350294 2275076
2 66650844 1949373
1 15718407
2 72636303 726256
2 51453129 8253944
2 51006682 937284
2 87030105 4506055
2 71347977 4744640
1 28418111
1 19120448
2 49407806 4082272
2 26252169 6107374
2 50814394 3206003
1 20254280
2 30867396 2633717
2 28452144 4043005
2 97911571 4174714
1 77180169
2 92707096 7468910
2 24636310 9622494
2 32210849 9604221
1 4090541
2 16802465 1685105
1 33818988
2 86017588 2850461
2 12432193 5865431
2 23112914 4769099
2 49125707 7080885
1 440462
1 83313911
2 25165151 7280190
1 99034707
1 70434792
2 25403351 5741136
1 44050973
1 41318829
1 64587546
2 75185390 4522035
2 37732075 2983468
2 95038000 4132815
1 88360165
2 46145569 4693361
1 90044262
1 62507445
1 74672623
2 28261167 4226369
2 54502582 3210504
1 92448322
2 21660519 6557267
2 87397988 5066335
1 4574525
2 56675330 9837444
2 64635393 835930
2 10748572 7636064
1 87784809
1 53143010
1 17671786
1 20180676
1 41841016
2 42899479 1632069
2 668084 9191752
1 31778064
2 41629464 2556395
1 86581196
1 81835135
1 51697984
1 48075534
1 59969607
2 50711757 6805484
1 86560383
2 78912707 9717029
1 22261456
1 78387275
1 51485843
1 21715537
1 23478693
1 50269137
1 96834710
1 36455482
2 35321856 2432742
1 69386107
2 45613025 56124
1 51982922
1 25107997
2 23849545 7482756
1 39365733
1 41907771
2 86099815 1674988
2 96360038 6181419
2 30353568 4458852
2 39022072 13483
2 12574577 9995509
2 27254232 5244556
2 57541141 5370936
2 73644253 104555
2 77936462 1569918
2 45848930 1765613
1 87675194
1 57327497
1 64721792
2 17367256 3954682
1 47656321
2 67882056 7324221
1 24472510
2 85986270 7969220
2 95855037 3066671
2 18843330 3515259
1 86186004
2 49438112 3202032
2 51012182 4113664
2 86238036 8156355
1 97500659
2 67350376 227881
2 41416616 1030685
1 62166586
2 11640420 9325428
2 29515972 3510738
1 53339973
1 51044231
2 22835652 973100
2 81265233 9653608
1 65321663
1 94648002
1 16571923
1 62630331
2 57429136 3405812
2 50789699 8967324
2 1443963 9595149
1 44454683
1 92491442
2 2178342 5913961
1 64874535
2 55873765 4322066
2 30311031 3816989
1 13071432
2 49427462 1299316
2 93098932 2692202
1 9250648
1 26141679
2 62636981 5463266
2 80792083 6968218
1 43965854
2 50331150 7228071
1 65656337
1 58257109
1 97086216
2 90013314 7654085
2 25979691 2816527
1 36395307
2 58423032 3091340
1 8427030
1 4463869
2 2713990 7668978
2 81842520 977666
1 10270746
1 8990961
1 96705506
2 5727531 5033494
2 92417789 7760250
1 26191332
2 79771716 6536585
2 28964812 5437083
