0
0
3330789
3330789
3330789
3330789
3330789
3330789
3330789
4856946
4856946
9706540
9706540
9706540
12253936
15893405
15893405
15893405
18999373
18999373
18999373
19219745
19219745
19219745
19487078
19487078
26499193
27648282
27648282
27933620
29595099
37862914
41312736
49452963
55617699
55886993
62548692
64632198
73393538
76302317
84641514
84641514
85115379
93184651
97349583
100005238
100543586
101822879
107291276
116893751
124134524
124134524
128008439
130103650
132843711
135739353
143547692
150093140
150093140
155816877
156410464
159840128
160814523
165180188
166038541
166426967
172323800
174159407
176692971
177279829
179292337
181311295
181743337
181743337
181804836
181974597
188686399
189166058
190192861
191530717
192300524
201363956
201668829
202199125
210050292
210050292
217562519
217815597
218095439
222325326
223072798
223072798
223072798
223357986
229790856
230930842
230930842
230930842
231487471
232692477
232692477
236184949
236184949
242495182
242824944
248400640
249251741
250532411
250532411
250532411
258005666
267197709
275174693
276219935
278742541
278742541
281299617
281299617
281979847
282472538
282472538
283430950
286949845
293797355
293797355
299425325
299425325
303669957
304423595
306252384
311612764
320409124
324069406
324265692
334131451
334168046
334168046
340443548
341832637
342072707
342330462
343317271
349578578
349578578
353492851
353492851
355213526
359583615
363258515
365094259
365094259
365094259
368485924
368716257
368716257
371051655
372500771
375768862
382675243
382675243
383819194
384668228
386196789
391443221
391586110
391586110
397543531
399795713
409107975
409325758
409325758
419274471
427503937
432208314
441411012
441984835
451020929
451503594
451503594
453250628
453578326
453578326
457258552
460909179
461933371
461963962
464822757
465116952
474571295
475106831
481178568
481194917
489804947
498185318
501079860
503576477
506151222
506151222
507882378
507882378
507882378
514277781
519214774
522341327
530217416
530217416
532710120
533099221
539605027
539757528
547756418
547756418
547922211
547922211
548308036
549103277
549411020
557790692
558619838
559422031
565618393
565704247
566548330
566548330
566548330
572777032
572814074
581992219
590913850
590913850
591558124
591600918
591600918
596854231
603531768
603653485
605036370
606534651
607388353
614323449
619619525
619632456
625861616
629348192
638593392
638681916
638681916
638681916
640593472
640617052
647766023
650134538
650134538
657341523
657766598
658327300
658511367
658511367
663100153
668896927
670750247
677701528
683782175
687712380
687712380
687712380
688541336
696896941
703853189
704095045
707160762
717036156
717036156
723083132
723553445
728235647
728360408
728841655
731253140
733175575
736528273
743873425
752172707
752172707
753478489
757718715
757740723
767116180
771518220
780364855
781058929
781227036
790217423
792181371
798456983
798634299
807377638
809389545
809389545
816191052
816394935
824050269
824266235
824690056
824958882
825547055
825637353
832873416
836303039
837829426
837864674
846711938
846935316
847046178
850777078
850777078
852039482
852039482
861475411
861739146
868098058
868098058
868891699
874768399
880867353
887454839
892843124
893397660
893641178
897962739
898203588
902109881
902109881
909853523
910084394
910203382
910214507
910214507
918531288
918625374
923955034
924100799
933176530
933372856
933405413
936752523
937379414
937379414
937815031
939588464
940927854
943821521
951043894
953727450
953727450
962187785
971413692
977967866
979014821
981244690
981596822
982191813
982191813
985185847
985187023
985332247
985332247
985332247
985580843
986242364
986242364
986371351
992713778
998272652
1005128829
1005526011
1005526011
1012828749
1016867323
1022868540
1023060069
1023185373
1023185373
1023185373
1028254256
1028254256
1036676294
1036676294
1046382652
1046656080
1046770568
1056698998
1058283471
1058476215
1059136632
1067382699
1067382699
1067530112
1075142279
1075142279
1075411479
1075411479
1075493285
1075501224
1078992115
1083488046
1084976292
1087956168
1087956168
1088112208
1088112208
1089329407
1089329407
1089498646
1096444430
1102095869
1109664917
1115146336
1116682807
1120804580
1120804580
1121435861
1121502010
1122298071
1122298071
1130102561
1137416822
1141692016
1141692016
1150384858
1150433806
1150433806
1152807393
1152807393
1152829254
1152941844
1157439522
1161936220
1164780804
1165279361
1168317540
1170884906
1176301199
1176301199
1177899387
1178948199
1179058854
1180793763
1189075654
1198290022
1198679612
1198771961
1199853007
1200070301
1203212236
1203212236
1203416747
1203528240
1203642217
1203954407
1204013118
1213989164
1213989164
1214178004
1214488246
1219306334
1221979334
1226277341
1226477730
1236096112
1241461170
1243196028
1243300825
1243300825
1243398012
1243398012
1243398012
1244466123
1247258255
1251627014
1251661837
1257869758
1258042061
1258042061
1265597654
1267593940
1267709658
1270392176
1271014942
1279870126
1285198307
1285462339
1285553945
1285553945
1286525080
1286896610
1294505784
1294557974
1294767594
1303661462
1303846083
1303846083
1304380999
1304380999
1304832201
1304832201
1310481980
1310990895
1311539679
1313737364
1313737364
1313737364
1313887353
1314232351
1314232351
1323136595
1323136595
1325442790
1325442790
1325442790
1325561034
1325561034
1332832122
1332832122
1332850495
1332850495
1341304214
1344788474
1344924458
1345071746
1346372308
1346372308
1354021178
1358831941
1358845023
1358845023
1366536209
1366536209
1366587352
1367685729
1367685729
1367751910
1369231015
1376660549
1383530938
1390006960
1390222341
1390331537
1391573778
1396650399
1396811498
1397078871
1405123323
1405123323
1413022077
1413022077
1416908889
1425727027
1425823872
1430948765
1431028982
1440688606
1448516793
1448516793
1448516793
1448886967
1457555882
1464071133
1464071133
1464071133
1464071133
1468765801
1469103498
1469103498
1472651597
1479575622
1481540976
1481610595
1481610595
1484108475
1490380212
1494468542
1497284815
1497655063
1500085219
1505405537
1511514658
1514641973
1514959734
1518109364
1526719869
1528751616
1529522127
1533995761
1533995761
1533995761
1534872776
1542830203
1545768075
1545768075
1547999786
1549874426
1549874426
1550600682
1558800036
1559456202
1563704875
1568398213
1568439549
1568439549
1572504298
1578555925
1581621348
1581693261
1584248434
1588284136
1592458850
1592501172
1599857399
1609479893
1618982541
1619116882
1620747063
1620747063
1623516093
1629275198
1633940496
1640899483
1640899483
1640899483
1647718673
1647718673
1648018499
1653759635
1653759635
1653759635
1654002927
1658524962
1661508430
1665534995
1665659706
1670351794
1670501168
1670544993
1670752323
1674973330
1678118252
1678119535
1684657159
1689673354
1689673354
1699339957
1700175887
1707708173
1707708173
1707708173
1707708173
1707708173
1707775593
1709407662
1718411907
1718427772
1720781511
1720781511
1721045300
1721045300
1721045300
1721278343
1728083827
1728099829
1737556828
1737703814
1737777400
1737799276
1738030836
1738030836
1738030836
1738030836
1738123314
1740518372
1740518372
1740518372
1740586684
1740901024
1748347196
1748628679
1748705660
1750380648
1756416791
1760791560
1760797363
1770650488
1775803972
1781031724
1781136279
1782668411
1784330092
1784330092
1784330092
1784339203
1788187364
1788347229
1795641967
1795728227
1803666129
1806732800
1809970941
1810004016
1813206048
1817314212
1825451610
1825481263
1825657997
1826679322
1826679322
1835688093
1839198831
1839198831
1839359070
1840222578
1849754773
1849895359
1849895359
1849895359
1849948655
1853284007
1862251331
1871602422
1871684341
1871684341
1877417221
1877417221
1881738066
1885512518
1885652613
1886951929
1889639475
1889639475
1889647579
1895097545
1902040355
1902040355
1909251526
1909663958
1909721771
1909721771
1917313960
1920112533
1920112533
1923155943
1923155943
1923155943
1930673011
1931635907
1931635907
1931689252
1931689252
1936281670
1944041920
1944065302
1950601887
1955907400
