0
0
0
0
0
0
0
0
0
0
0
0
0
0
0
0
0
0
0
0
0
0
0
0
0
0
0
0
0
0
0
0
0
0
0
0
0
0
0
0
0
0
0
0
0
0
0
0
0
0
0
0
0
0
0
0
0
0
0
0
0
0
0
0
0
0
0
0
0
0
0
0
0
0
0
0
0
0
0
0
0
0
0
0
0
0
0
0
0
0
0
0
0
3931
3931
3931
3931
3931
3931
3931
3931
3931
25241
25241
25241
25241
25241
25241
25241
25241
25241
25241
25241
42660
42660
42660
42660
42660
42660
42660
42660
42660
42660
42660
42660
42660
42660
42660
42660
42660
42660
42660
42660
42660
42660
42660
42660
42660
42660
42660
42660
42660
42660
42660
42660
42660
42660
42660
42660
42660
42660
42660
42660
42660
42660
42660
42660
42660
42660
42660
42660
42660
42660
42660
42660
42660
42660
42660
42660
42660
42660
42660
42660
42660
42660
42660
42660
42660
42660
49318
49318
49318
49318
49318
49318
49318
49318
49318
49318
49318
49318
49318
49318
49318
49318
49318
49318
49318
49318
49318
49318
49318
49318
49318
65267
65267
65267
65267
65267
65267
65267
65267
65267
65267
65267
65267
65267
65267
65267
65267
65267
65267
65267
65267
65267
65267
65267
65267
65267
65267
65267
93278
93278
93278
93278
93278
93278
93278
93278
93278
93278
93278
93278
93278
93278
93278
93278
93278
93278
93278
93278
93278
93278
93278
93278
93278
93278
93278
93278
93278
93278
93278
93278
93278
95003
95003
95003
95003
95003
95003
95003
95003
95003
95003
95003
95003
95003
95003
95003
95003
95003
95003
95003
95003
95003
95003
95003
95003
95003
103628
103628
103628
103628
103628
103628
103628
103628
103628
103628
103628
103628
103628
103628
103628
103628
103628
103628
103628
103628
103628
103628
103628
103628
103628
103628
103628
103628
103628
103628
103628
103628
103628
103628
103628
103628
103628
103628
103628
103628
103628
103628
103628
103628
103628
103628
114910
114910
114910
114910
114910
114910
114910
114910
114910
114910
114910
114910
114910
114910
114910
116056
116056
116056
116056
116056
116056
116056
116056
119447
119447
119447
119447
119447
119447
119447
119447
119447
119447
119447
119447
119447
119447
119447
119447
119447
119447
119447
119447
119447
119447
119447
119447
119447
119447
119447
119447
119447
141379
141379
141379
141379
141379
141379
141379
141379
141379
159120
159120
159120
159120
159120
159120
159120
159120
159120
159120
159120
159120
159120
159120
159120
171844
171844
171844
171844
171844
171844
174247
174247
174247
174247
174247
174247
174247
174247
174247
174247
174247
174247
174247
174247
174247
174247
177863
177863
177863
194118
194118
194118
200644
200644
200644
200644
200644
200644
200644
200644
200644
200644
200644
220521
223573
223573
223573
223573
223573
223573
223573
223573
223573
223573
223573
223573
223573
223573
223573
223573
223573
223573
223573
223573
223573
223573
223573
223573
223573
223573
223573
233789
233789
233789
233789
236129
236129
236129
236129
236129
252014
252014
252014
252014
253141
253141
277690
277690
277690
277690
277690
277690
277690
277690
277690
277690
277690
277690
277690
277690
277690
277690
277690
277690
277690
277690
277690
277690
277690
277690
277690
278018
278018
278018
278018
278018
278018
278018
278018
278018
278018
278018
281097
281097
281097
281097
281097
281097
281097
281097
281097
281097
281097
281097
281097
281097
294413
294413
294413
307997
307997
307997
332651
332651
332651
332651
332651
332651
332651
332651
332651
332651
332651
332651
332651
332651
332651
332651
332651
332651
332651
332651
337860
337860
337860
337860
337860
337860
337860
337860
337860
337860
337860
337860
337860
337860
337860
337860
337860
337860
337860
337860
337860
337860
337860
355796
371217
371217
371217
371217
371217
371217
371217
371217
371217
371217
371217
371217
371217
371217
371217
392188
401995
401995
401995
401995
401995
401995
401995
401995
401995
401995
401995
401995
401995
401995
401995
401995
401995
401995
401995
401995
401995
401995
401995
401995
401995
401995
401995
401995
401995
401995
401995
401995
401995
401995
401995
401995
401995
401995
401995
401995
401995
401995
401995
401995
401995
401995
401995
401995
401995
401995
401995
401995
413937
415417
415417
415417
429836
429836
431167
431167
431167
431167
431167
431167
431167
433153
433153
433153
433153
433153
440167
440167
440167
448700
448700
448700
448700
448700
448700
448700
448700
468016
468016
468016
468016
468016
468016
468016
468016
468016
468016
468016
468016
468016
468016
468016
468016
468016
468016
468016
468016
468016
468016
469553
469553
469553
469553
469553
497501
497501
516584
516656
516656
516656
516656
516656
516656
516656
516656
516656
516656
516656
516656
516656
519852
519852
519852
519852
519852
519852
519852
519852
519852
519852
519852
528052
528052
528052
528052
528052
528052
528052
528052
534285
534285
534285
534285
534285
534285
534285
534285
534285
534285
534285
534285
534285
534285
534285
534285
534285
534285
534535
534535
534535
534535
543771
543771
543771
543771
558646
558646
558646
558646
563640
567227
568944
568944
568944
568944
568944
568944
568944
568944
568944
568944
568944
568944
568944
568944
568944
568944
568944
568944
584292
595330
618515
618515
618515
636547
636547
636547
636547
636547
636547
636547
636547
636547
636547
636547
636547
636547
636547
636547
636547
636547
636547
636547
641105
641105
641105
652547
652547
652547
652547
652547
654885
654885
654885
654885
654885
654885
654885
654885
654885
657591
657591
657591
657591
657591
678997
678997
678997
678997
678997
678997
678997
678997
678997
678997
678997
678997
687152
687152
687152
687152
687152
687152
687152
687152
710646
710646
710646
716036
716036
716036
716036
716036
716754
716754
721765
721765
721765
721765
721765
721765
721765
721765
721765
721765
721765
721765
751912
751912
770219
770219
770219
770219
797030
797030
797609
797609
797609
797609
797609
797609
797609
797609
797609
797609
797609
797609
797609
797609
797609
797609
797609
797609
797609
797609
797609
797609
797609
797609
797609
797609
797609
797609
800050
800050
800050
800050
800050
800050
800050
800050
800050
800050
800050
800050
800050
800050
800050
800050
800050
800050
800050
800050
812585
812585
812585
812585
812585
817293
817293
817293
817293
818789
818789
818789
818789
818789
818789
818789
818789
818789
830921
830921
830921
830921
830921
830921
830921
830921
839958
839958
839958
839958
839958
839958
839958
839958
839958
845376
847219
847219
857104
871141
871141
871141
882244
882244
882244
882244
882244
882244
882244
882244
882244
882244
882244
882244
882244
882244
882244
882244
882244
882244
882244
882244
882244
882244
885167
885167
885167
885167
885167
885167
885167
885167
885167
885167
885167
885167
885167
885167
885167
885167
885167
885167
885167
897033
897033
897033
897033
908028
908028
908028
908028
908028
908028
916256
916256
916256
916256
916256
923687
923687
923687
923687
948199
948199
948199
953166
967292
967292
967292
967292
967292
967292
967292
967292
967292
987807
987807
987807
987807
987807
987807
987807
1001170
1001170
1001170
1001170
1001170
1001170
1001170
1001170
1001170
1001170
1003746
1003746
1007194
1007194
1007194
1007194
1007194
1008746
1013145
1013145
1013145
1013145
1013145
1013145
1013145
1013145
1041869
1041869
1041869
1041869
1041869
1041869
1042846
1042846
1042846
1042846
1051535
1065885
1065885
1065885
1065885
1065885
1085142
1085142
1085142
1085142
1085142
1085142
1089146
1103904
1103904
1103904
1103904
1103904
1103904
1103904
1103904
1103904
1104726
1104726
1104726
1118681
1118681
1132761
1132761
1145503
1145503
1156396
1156396
1156396
1156396
1156396
1156396
1156396
1156396
1156396
1156396
1156396
1156396
1161158
1161158
1161158
1161158
1161158
1161158
1161158
1161158
1161158
1161158
1161158
1181388
1181388
1181388
1181388
1181388
1181847
1181847
1186959
1186959
1186959
1186959
1186959
1186959
1186959
1186959
1186959
1193217
1193217
1193217
1193217
1193217
1193217
1207590
1207590
1207590
1213263
1213263
1216107
1216107
1216107
1216107
1242767
1242767
1242767
1242767
1242767
1242767
1242767
1242767
1245907
1253691
1253691
1253691
1253691
1253691
1253691
1253691
1253691
1253691
1274641
1274641
1276011
1276011
1276011
1276011
1276011
1276011
1276011
1276011
1276011
1276011
1276011
1276011
1276011
1276011
1276011
1276011
1276011
1276011
1276011
1276011
1276011
1276011
1276011
1276011
1276011
1276011
1276011
1278437
1278437
1278437
1278437
1278437
1278437
1278437
1278437
1278437
1278437
1278437
1278437
1278437
1278437
1278437
1278437
1278437
1278437
1278437
1278437
1278437
1278437
1278437
1278437
1278437
1278437
1278437
1293252
1293252
1293252
1293252
1293252
1293252
1294647
1294647
1294647
1294647
1294647
1310453
1310453
1310453
1310453
1310453
1310453
1310453
1317364
1317364
1317364
1317364
1335015
1335015
1335015
1335015
1339746
1339746
1339746
1339746
1339746
1375023
1375023
1375023
1375023
1375023
1399649
1399649
1399649
1399649
1402699
1414416
1414416
1414416
1417970
1417970
1417970
1417970
1432702
1432702
1432702
1432702
1432702
1432702
1451950
1474461
1474461
1474461
1474461
1474461
1474461
1486886
1486886
1486886
1494764
1494764
1494764
1496758
1496758
1496758
1496758
1517776
1517776
1517776
1552473
1564160
1564160
1564160
1564160
1564160
1564160
1564160
1564160
1564160
1574652
1574652
1574652
1585688
1585688
1585688
1585688
1609338
1609338
1619812
1619812
1619812
1619812
1619812
1635789
1636739
1636739
1651570
1665992
1665992
1665992
1665992
1665992
1665992
1665992
1665992
1665992
1665992
1665992
1665992
1665992
1668207
1692233
1692233
1692233
1692233
1692233
1699095
1699095
1722859
1722859
1722859
1722859
1722859
1722859
1722859
1722859
1722859
1722859
1739816
1739816
1739816
1739816
1739816
1739816
1755255
1756031
1756031
1756031
1756031
1756031
1756031
1767765
1767765
1767765
1767765
1767765
1767765
1767765
1767765
1767765
1767765
1767765
1767765
1767765
1788113
1800588
1800588
1800588
1800588
1800588
1811431
1811431
1811431
1812588
1812588
1812588
1812588
1813178
1813178
1813178
1813178
1813178
1813178
1813178
1813178
1829179
1829179
1829179
1829179
1829179
1829179
1829179
1829179
1844791
1844791
1844791
1844791
1862580
1862580
1862580
1862580
1862580
1862580
1862580
1862580
1862580
1862580
1862580
1862580
1862580
1862580
1862580
1862580
1862580
1878478
1878478
1878478
1878478
1878478
1878478
1887703
1887703
1887703
1887703
1887703
1896887
1896887
1896887
1896887
1896887
1896887
1923886
1923886
1940048
1940048
1940048
1952946
1952946
1977996
1977996
1977996
1989075
1989075
2004477
2004477
2004477
2014909
2014909
2025383
2025383
2025383
2025383
2025383
2025383
2025383
2027509
2027509
2035688
2035688
2035688
2035688
2035688
2035688
2035688
2035688
2035688
2042055
2042055
2042055
2042055
2042055
2042055
2042055
2060505
2067362
2067362
2073382
2073382
2083036
2083036
2083036
2083036
2083036
2083036
2099832
2099832
2099832
2099832
2099832
2099832
2099832
2099832
2099832
2099832
2099832
2111441
2111441
2111441
2111441
2111441
2111441
2112003
2112003
2112003
2112003
2112003
2112003
2112003
2112003
2112003
2112003
2116962
2116962
2116962
2118004
2143073
2143073
2143073
2143073
2149911
2149911
2149911
2149911
2154026
2154026
2154026
2154026
2154026
2168996
2173469
2173469
2173469
2173469
2173469
2173469
2173469
2173469
2173469
2173469
2187987
2187987
2187987
2187987
2187987
2187987
2195835
2195835
2198096
2198096
2198096
2198096
2198096
2198096
2198096
2198096
2198096
2219786
2219786
2219786
2219786
2219786
2219786
2219786
2219786
2219786
2219786
2219786
2219786
2219786
2219786
2219786
2219786
2219786
2219786
2219786
2219786
2231273
2231273
2231273
2231273
2231273
2231273
2231273
2231273
2231273
2235179
2235179
2235179
2235179
2238562
2238562
2238562
2238562
2238562
2238562
2238562
2238562
2238562
2238562
2238562
2238562
2238562
2238562
2238562
2239740
2239740
2239740
2239740
2239740
2239740
2239740
2239740
2239740
2239740
2239740
2239740
2239740
2239740
2239740
2241512
2241512
2241512
2241512
2241512
2241512
2241512
2241512
2241512
2241512
2241512
2241512
2241512
2241512
2241512
2241512
2241512
2241512
2241512
2241512
2241512
2246906
2246906
2246906
2246906
2246906
2246906
2246906
2259723
2259723
2259723
2259723
2267448
2267448
2267448
2267448
2267448
2267448
2267448
2267448
2267448
2267448
2267448
2267448
2280437
2280437
2280437
2280437
2292652
2292652
2308062
2308062
2312228
2312228
2312228
2312228
2312228
2312228
2312228
2312228
2327080
2327080
2327080
2327080
2338580
2338580
2338580
2338580
2346604
2346604
2346604
2346604
2346604
2346604
2346604
2360395
2360395
2360395
2360395
2360395
2360395
2366157
2367139
2367139
2367139
2367139
2367139
2380879
2380879
2380879
2380879
2380879
2380879
2380879
2395250
2395250
2395250
2395250
2395250
2395250
2400894
2405975
2405975
2405975
2405975
2421172
2431372
2431372
2431372
2431372
2431372
2433322
2433322
2433322
2433322
2433322
2440832
2440832
2440832
2448174
2448174
2465322
2465322
2465322
2465322
2465322
2465322
2465322
2465322
2465322
2465322
2473321
2495582
2495582
2495582
2495582
2495582
2495582
2495582
2495582
2495582
2500090
2500090
2508853
2524586
2524586
2524586
2525853
2525853
2525853
2525853
2525853
2525853
2525853
2530569
2530569
2581202
2581202
2581202
2584914
2584914
2584914
2596406
2618111
2618111
2618111
2618111
2618111
2641586
2644540
2644540
2644540
2644540
2644540
2644540
2644540
2644540
2644540
2644540
2644540
2644540
2662008
2662008
2664487
2664487
2664487
2664487
2664487
2664487
2664487
2664487
2676241
2694886
2694886
2694886
2694886
2694886
2694886
2694886
2694886
2694886
2694886
2701388
2701388
2721862
2721862
2740440
2740440
2740440
2740440
2752666
2752666
2752666
2752666
2752666
2752666
2752666
2752666
2752666
2752666
2752666
2752666
2752666
2775280
2775280
2775600
2775600
2775600
2775600
2775600
2775600
2775600
2775600
2775600
2775600
2775600
2775600
2775600
2775600
2775600
2775600
2775600
2775600
2780063
2780063
2797483
2797483
2797483
2821912
2821912
2821912
2821912
2821912
2821912
2825388
2825388
2825388
2825388
2825388
2825388
2825388
2832821
2839063
2839063
2839063
2839063
2839063
2858355
2858355
2858355
2858355
2858355
2858355
2858355
2874495
2874495
2874495
2874495
2874495
2878407
2882480
2910078
2910078
2910078
2910078
2925899
2925899
2925899
2925899
2925899
2944825
2944825
2944825
2948046
2974445
2974445
2974445
2974445
2974445
2974445
2975848
2975848
2988175
2988175
3003526
3004245
3004245
3004245
3004245
3024421
3024421
3024421
3024421
3038568
3038568
3038568
3046462
3046462
3049979
3049979
3049979
3049979
3055462
3055462
3061177
3061177
3074115
3074115
3074115
3074163
3084144
3084144
3084144
3099581
3099581
3099581
3100922
3100922
3106644
3106791
3106791
3106791
3119306
3119306
3142860
3142860
3152683
3152683
3152683
3152863
3152863
3152863
3152863
3152863
3152863
3160857
3160857
3160857
3164093
3164093
3164093
3164093
3164093
3164093
3164093
3164093
3164093
3164093
3164093
3164093
3171601
3171601
3172592
3172592
3172592
3172592
3172592
3177142
3177142
3177142
3177142
3177142
3177142
3184168
3184168
3195636
3203865
3203865
3207803
3207803
3207803
3215292
3215292
3215292
3215292
3215292
3229674
3229674
3229674
3229674
3229674
3229674
3229674
3229674
3229674
3255424
3255424
3255424
3255424
3274985
3274985
3274985
3276342
3276342
3276342
3276342
3276342
3276342
3276342
3276342
3276342
3276342
3276342
3276342
3276342
3276342
3276342
3276342
3276342
3276643
3276643
3276643
3276643
3276643
3276643
3279191
3279191
3279191
3288261
3297457
3297457
3297457
3297457
3297457
3297457
3307687
3307687
3307687
3307687
3307687
3318778
3318778
3333939
3333939
3333939
3333939
3333939
3343173
3343173
3343173
3343173
3350776
3350776
3359499
3380451
3380451
3380451
3392670
3408757
3422395
3422395
3434136
3434136
3434136
3434136
3434136
3436121
3436121
3436121
3436121
3444554
3444554
3444554
3444554
3444554
3444554
3444554
3444554
3444554
3444554
3444554
3454522
3454522
3454522
3454522
3454522
3454522
3454522
3473589
3473589
3473589
3473589
3473589
3473589
3473589
3473589
3473589
3473589
3487991
3487991
3488188
3488188
3490291
3490291
3490291
3516282
3516282
3516282
3516282
3516282
3516282
3516282
3516765
3516765
3534653
3539280
3554179
3554179
3554179
3566535
3566535
3578552
3582285
3582285
3582285
3582285
3592490
3592490
3592490
3592490
3610097
3631793
3631793
3646111
3646111
3646111
3646111
3667984
3667984
3667984
3667984
3667984
3667984
3667984
3667984
3669825
3672647
3673652
3676682
3676682
3676682
3676682
3699324
3699324
3704575
3704575
3704575
3704575
3704575
3704575
3704575
3704575
3704575
3704575
3705524
3705524
3705637
3705637
3705637
3705637
3733073
3733073
3733073
3733073
3733073
3733073
3733073
3733073
3753908
3755382
3755382
3775885
3775885
3784310
3784310
3784310
3784310
3784310
3784310
3787923
3787923
3787923
3787923
3787923
3806361
3806361
3806361
3806361
3806361
3806361
3806361
3806361
3806361
3806361
3826960
3826960
3826960
3826960
3849318
3849318
3849318
3874084
3887111
3887111
3887111
3889809
3889809
3889809
3891073
3891073
3897203
3899052
3899052
3918068
3918068
3923640
3923640
3923951
3923951
3923951
3923951
3923951
3923951
3923951
3923951
3923951
3923951
3923951
3923951
3938605
3938605
3938605
3938605
3944450
3944450
3946536
3946536
3946536
3961547
3961547
3961547
3961547
3961547
3961547
3964220
3966986
3966986
3966986
3966986
3968126
3968126
3973571
3973571
3973571
3973571
3997672
3997672
3997672
3997672
3997672
4004191
4024615
4024615
4042234
4051177
4051177
4051177
4051177
4051177
4051177
4051177
4051177
4051380
4051380
4051380
4051380
4051380
4051380
4058641
4058641
4058641
4058641
4058641
4058641
4058641
4065786
4065786
4065786
4065786
4065786
4089826
4101527
4101527
4101527
4101527
4117096
4121346
4121346
4121346
4121346
4121346
4121346
4131607
4131607
4131607
4131607
4131607
4133825
4133825
4140244
4140244
4140244
4154945
4168440
4168440
4178421
4178421
4178421
4178421
4178421
4182466
4182466
4184580
4184580
4196632
4196632
4196632
4196632
4202827
4202827
4202827
4202827
4204499
4204499
4218197
4218197
4218197
4218197
4221440
4221440
4221440
4221440
4221440
4221440
4221440
4221440
4228767
4236913
4242458
4242458
4242458
4244168
4244168
4245305
4245305
4245305
4245667
4245667
4245667
4245667
4245667
4245667
4245667
4256436
4256436
4256436
4256436
4256436
4256436
4267935
4267935
4267935
4267935
4267935
4267935
4267935
4267935
4267935
4267935
4277933
4278638
4278638
4278638
4278638
4288789
4288789
4288789
4291175
4304879
4304879
4304879
4304879
4304879
4304879
4304879
4325357
4325357
4325357
4340648
4340648
4340648
4340648
4349915
4349915
4349915
4349915
4349915
4349915
4355934
4355934
4355934
4355934
4355934
4355934
4355934
4355934
4355934
4355934
4361142
4362751
4362751
4362751
4362751
4362751
4362751
4362751
4378381
4387624
4387624
4387624
4387624
4408874
4423527
4423527
4434631
4439739
4439739
4439739
4439739
4439739
4439739
4439739
4439739
4457756
4457756
4457756
4457756
4457756
4457756
4457756
4465456
4465456
4465456
4471951
4477528
4477528
4477528
4477528
4477528
4479130
4479130
4479130
4479130
4494413
4502977
4502977
4502977
4502977
4502977
4502977
4510290
4510290
4510290
4510290
4510290
4555316
4556496
4556496
4556496
4560962
4560962
4560962
4562051
4573180
4573180
4573180
4573180
4573180
4573180
4577432
4577432
4577432
4577432
4577432
4577432
4577432
4577432
4577432
4599245
4599245
4599245
4599245
4599245
4599245
4599245
4599245
4599245
4603208
4603208
4612586
4617040
4617040
4617040
4617040
4617040
4617040
4621536
4621536
4621536
4621536
4621536
4621536
4621536
4634765
4641971
4641971
4666582
4666582
4666582
4666582
4667360
4678573
4678573
4684056
4684056
4684056
4684056
4684056
4694598
4695210
4709430
4709430
4718101
4718101
4725152
4725152
4725152
4739039
4739039
4742877
4749719
4749719
4763282
4763282
4763282
4763282
4763282
4768433
4768433
4768701
4768701
4779098
4779098
4779098
4779098
4779098
4779098
4796829
4818129
4818129
4818129
4818129
4826091
4831858
4831858
4831858
4833972
4834348
4834348
4836216
4836216
4836216
4836216
4839315
4839315
4839315
4839315
4839315
4855822
4858237
4858237
4858237
4858237
4879362
4887858
4887858
4887858
4888024
4888024
4889188
4889188
4899598
4899598
4914303
4914303
4914303
4914303
4914303
4914303
4914303
4914303
4914303
4914303
4914303
4914303
4914303
4914303
4926035
4940781
4962675
4962675
4962675
4962675
4962675
4962675
4962675
4962675
4962675
4962675
4962675
4962675
4962675
4962675
4962675
4962675
4962675
4976605
4976605
4976605
4976605
4992313
4992313
4992313
4992313
4992313
4992313
4992313
4992313
4992313
4992313
5018182
5018182
5018182
5018182
5018182
5018182
5033019
5033019
5033019
5033019
5033019
5033019
5033019
5033019
5050650
5053001
5053001
5060891
5060891
5073103
5081807
5081807
5081807
5081807
5081807
5081807
5081807
5081807
5081807
5091066
5099941
5099941
5099941
5099941
5116701
5116701
5121664
5121664
5123973
5130601
5152283
5154057
5154057
5154057
5167314
5167314
5190050
5190050
5190531
5190531
5190531
5190531
5197944
5197944
5197944
5223745
5223745
5223745
5223745
5223745
5223745
5223745
5224158
5224158
5224158
5224158
5224158
5233631
5233631
5233631
5233631
5233631
5233631
5233631
5233631
5257314
5279320
5279522
5279522
5290872
5290872
5290872
5290872
5290872
5290872
5298102
5302011
5302291
5302291
5302291
5302291
5302878
5302878
5302878
5302878
5321738
5321738
5363236
5363236
5363236
5363236
5373561
5373561
5373561
5373561
5373561
5373561
5377504
5377504
5377504
5377504
5377504
5388710
5388710
5404947
5404947
5406984
5406984
5406984
5406984
5406984
5406984
5406984
5406984
5406984
5406984
5409625
5420364
5420364
5420364
5420364
5433832
5451710
5479217
5479217
5479217
5479217
5483054
5483054
5499486
5499486
5499486
5499486
5499486
5499486
5499486
5499486
5499486
5499486
5499486
5499486
5510730
5518145
5530794
5530794
5530794
5530794
5536695
5536695
5536695
5536695
5544012
5550233
5550233
5550233
5550233
5550233
5550233
5551609
5551609
5551609
5551609
5551609
5559077
5559077
5559077
5559077
5559077
5568951
5568951
5568951
5581647
5581647
5587729
5594756
5594756
5594756
5594756
5594756
5600629
5600629
5615026
5630471
5649246
5649246
5649246
5658939
5658939
5663520
5663520
5677772
5677772
5677772
5677772
5677772
5691693
5704368
5704368
5716335
5716335
5723613
5723751
5723751
5730614
5730614
5730614
5746836
5746836
5765953
5765953
5765953
5765953
5765953
5787268
5787268
5787268
5793364
5793724
5813794
5824589
5824589
5836627
5836627
5836627
5855916
5855916
5856083
5864355
5864355
5864355
5864355
5864355
5864355
5873358
5873358
5873358
5878987
5882165
5882165
5885991
5885991
5885991
5885991
5885991
5885991
5885991
5885991
5886033
5886033
5886033
5897174
5898840
5898840
5898840
5898840
5898840
5909267
5919392
5919392
5919392
5919392
5919392
5919392
5926920
5926920
5926920
5926920
5947071
5947071
5972812
5983372
5985955
5985955
5985955
6005973
6022633
6033551
6033551
6041576
6041576
6058845
6071562
6074911
6074911
6074911
6074911
6074911
6074911
6078291
6078291
6078291
6078849
6078849
6078849
6080328
6080328
6080328
6080328
6080967
6080967
6080967
6083688
6087637
6103253
6103253
6104701
6104701
6104701
6104701
6104701
6132674
6132674
6138951
6163524
6180973
6186552
6186552
6209719
6209719
6209719
6213640
6213640
6213640
6213640
6227604
6230578
6230578
6231094
6231094
6231094
6231094
6231094
6231094
6231094
6231094
6231094
6231094
6231094
6255363
6255363
6271150
6271150
6271150
6271150
6271150
6273057
6273057
6273057
6273057
6273057
6273057
6277313
6288179
6288179
6306443
6306443
6306443
6306443
6306443
6306443
6306443
6306443
6306443
6306443
6306443
6306443
6306443
6306443
6319609
6325016
6325016
6325016
6331601
6331601
6331601
6346748
6346748
6366834
6366834
6386064
6386064
6386064
6386064
6386064
6386311
6396050
6396050
6396050
6396050
6396476
6396476
6396476
6396476
6396476
6396476
6400946
6400946
6400946
6402354
6402354
6402354
6402354
6402354
6409948
6409948
6413559
6418548
6418548
6426744
6426744
6426744
6426744
6441328
6441328
6441328
6461141
6461141
6468030
6484143
6506181
6506181
6506181
6506181
6535251
6535251
6548336
6549819
6549819
6549819
6568795
6568795
6568795
6568795
6568795
6568795
6578420
6578420
6578420
6578420
6578420
6578420
6582589
6582589
6590223
6600499
6600499
6600499
6600499
6600499
6625838
6625838
6625838
6625838
6628764
6645868
6646574
6646574
6652344
6652344
6657955
6657955
6683205
6699007
6699007
6699007
6713611
6713611
6713611
6713611
6713611
6713611
6713611
6728016
6736382
6751416
6758543
6759950
6759950
6759950
6761071
6761071
6769974
6769974
6769974
6769974
6769974
6769974
6769974
6769974
6769974
6771008
6771008
6771008
6771008
6771008
6771008
6771008
6771008
6771008
6771008
6784608
6784608
6785824
6785824
6785824
6785824
6785824
6785824
6802094
6809156
6809156
6809156
6809156
6809156
6809156
6821182
6834127
6834127
6834127
6850015
6850015
6866118
6873767
6891579
6907358
6913761
6913761
6913761
6913761
6915089
6939765
6952706
6952706
6952706
6952706
6958331
6958331
6983789
6983789
6992744
6993122
6993122
6993122
6996548
6997485
7020234
7020234
7020234
7034348
7034348
7034348
7034348
7034348
7034348
7034348
7034348
7037126
7044557
7044557
7047460
7055580
7055580
7055580
7065403
7065403
7065403
7066777
7079059
7079059
7079059
7079059
7087817
7096672
7097235
7097235
7102713
7102713
7102713
7104093
7116725
7116725
7116725
7123289
7123289
7123289
7123289
7124719
7124719
7129887
7129887
7129887
7129887
7154405
7154405
7163891
7165411
7165411
7165411
7165411
7165411
7165411
7190807
7190807
7190807
7190807
7204019
7204019
7204019
7204019
7204019
7210236
7210236
7210236
7210236
7210236
7210236
7210236
7210236
7210236
7226015
7226015
7226015
7235776
7263157
7263157
7263157
7263157
7279506
7279506
7279506
7304518
7304518
7304518
7304518
7327428
7327428
7327533
7327533
7327533
7327533
7340934
7365849
7374939
7396702
7396702
7413822
7415363
7429837
7441726
7490159
7490159
7497476
7497476
7497476
7500008
7500008
7500008
7500008
7526679
7526679
7526679
7526679
7526679
7526679
7526679
7526679
7539755
7539755
7551989
7551989
7553350
7553350
7553350
7559267
7569142
7569142
7569142
7569142
7588520
7605142
7605142
7605142
7605142
7605142
7605142
7612469
7613830
7617876
7617876
7617876
7626468
7634181
7643139
7643139
7643139
7645659
7645659
7645659
7645659
7645659
7645659
7661069
7663368
7672266
7703085
7703085
7719492
7724782
7724782
7724782
7724782
7724782
7724782
7745837
7745837
7768066
7773336
7786033
7786033
7793147
7793147
7793147
7810765
7810765
7815017
7822101
7822101
7846151
7846151
7846151
7846711
7873999
7877094
7877094
7877094
7887336
7887336
7908247
7908247
7917470
7917470
7917470
7917470
7917470
7917470
7943950
7943950
7949497
7962994
7967660
7967853
7971150
7971150
7974487
7974487
7974487
7974487
7974487
7974487
7974487
7974487
7974487
7974487
7983771
7998606
7998606
7998606
7998606
7998606
7998606
7998606
7998606
7998606
7998606
7998606
8015745
8020295
8020295
8040174
8040174
8045834
8053821
8053821
8060981
8071546
8071546
8083487
8083487
8083487
8083487
8083487
8083487
8083487
8105958
8122868
8122868
8123773
8123773
8123773
8129931
8129931
8129931
8139206
8139206
8146730
8146730
8146730
8146730
8146730
8146730
8146730
8146730
8154911
8166577
8186202
8210737
8210737
8210737
8210737
8210737
8212698
8212698
8212698
8212698
8212698
8223722
8223722
8224509
8224509
8233006
8233006
8245122
8255947
8277244
8277244
8277244
8283759
8289728
8291768
8316862
8316862
8316862
8316862
8316862
8316862
8316862
8316862
8316862
8316862
8316862
8316862
8324500
8338809
8343411
8343411
8361147
8389027
8389027
8389027
8389027
8399502
8399502
8399502
8402225
8402225
8409158
8409158
8418946
8420840
8425744
8425744
8425744
8430600
8430600
8430600
8439255
8440566
8440566
8440646
8454342
8459510
8459510
8459510
8459510
8459510
8464344
8464344
8464344
8464344
8483301
8483301
8497727
8497727
8503548
8510585
8510585
8510585
8510585
8510585
8510585
8539509
8550306
8550306
8550306
8567665
8592766
8592766
8592766
8592766
8610275
8610275
8610275
8616929
8616929
8616929
8616929
8616929
8618567
8629656
8629656
8654405
8671562
8671562
8671562
8671562
8679957
8680467
8680467
8681880
8681880
8681880
8698918
8698918
8710520
8710520
8710520
8710520
8710520
8714435
8714435
8725400
8726734
8738451
8738451
8738451
8738451
8738451
8738451
8738451
8738451
8744724
8754001
8754001
8754001
8754158
8764321
8764321
8770704
8791954
8792120
8792120
8792120
8793177
8793177
8806776
8806776
8806776
8812752
8812752
8817473
8817473
8817473
8831367
8831367
8831367
8831367
8831367
8837128
8837128
8847617
8857875
8857875
8857875
8870094
8870094
8882232
8882232
8887255
8887910
8902756
8902756
8910466
8944448
8945952
8945952
8945952
8946974
8946974
8953465
8971785
8971785
8992016
8992016
8992016
8992016
8992016
9004014
9004014
9032187
9050390
9050390
9069680
9069680
9110297
9131218
9131218
9131218
9131218
9131218
9138838
9138838
9138838
9138838
9138838
9138838
9144448
9159839
9176909
9176909
9191682
9191682
9191682
9209204
9209204
9224730
9224730
9224730
9224730
9224730
9225407
9226206
9226206
9250286
9250286
9250286
9250286
9250286
9252571
9252571
9275332
9275332
9277735
9277735
9299023
9305894
9319700
9329567
9329567
9329567
9335648
9357777
9372167
9372167
9372167
9372167
9378160
9378160
9399685
9399685
9405727
9405727
9416565
9417134
9421972
9441346
9443634
9443634
9443634
9443634
9443634
9443634
9443634
9447188
9447188
9447188
9447188
9447188
9467587
9477834
9477834
9502041
9506906
9506906
9506906
9506906
9506906
9527996
9551829
9573716
9589673
9590050
9590666
9590666
9590666
9590666
9601844
9601844
9601844
9601844
9601844
9621270
9621270
9621270
9621270
9621270
9623150
9623150
9625507
9625507
9626512
9635315
9635315
9635315
9635315
9635315
9635315
9635315
9637787
9640671
9647499
9647499
9665339
9666402
9672359
9682517
9682517
9689088
9691795
9691795
9691795
9698119
9698119
9700797
9700797
9702297
9714763
9725270
9733092
9733092
9749946
9749946
9749946
9749946
9749946
9749946
9749946
9749946
9749946
9759117
9759117
9759117
9777407
9777407
9777563
9777563
9777563
9777563
9799687
9799687
9799687
9799687
9800633
9804839
9817043
9817043
9817043
9835592
9849046
9850946
9850946
9850946
9850946
9852899
9864713
9864713
9864713
9868084
9868084
9879384
9879384
9879384
9885092
9885092
9885092
9888466
9912025
9912025
9922213
9929099
9929099
9929099
9931821
9960935
9960935
9960935
9960935
9986194
9986194
9986194
9991109
9997240
9997240
9997240
10026700
10027939
10027939
10027939
10044321
10067988
10067988
10067988
10074044
10074044
10074044
10074044
10074044
10074044
10085201
10085201
10085201
10097683
10100139
10122482
10122482
10122482
10122482
10129879
10129879
10130789
10130789
10130789
10130789
10141053
10141053
10141053
10164135
10175918
10175918
10175918
10175918
10175918
10175918
10178601
10195487
10216607
10216607
10216607
10229460
10229460
10229460
10242972
10242972
10245604
10245604
10245604
10250918
10250918
10250918
10250918
10250918
10264034
10292414
10292414
10307409
10319908
10319908
10319908
10319908
10319908
10328829
10328829
10331788
10331788
10339390
10340418
10340418
10340418
10344449
10366266
10379910
10382115
10382115
10382115
10382438
10382438
10382438
10382438
10382438
10395124
10395124
10395124
10399426
10399426
10399426
10419877
10419877
10419877
10448212
10476233
10476233
10489145
10489145
10508652
10508652
10508652
10522944
10522944
10522944
10522944
10522944
10534214
10553513
10556263
10556263
10556263
10556263
10556263
10556263
10556263
10563391
10578708
10578708
10578708
10578708
10578708
10578708
10592850
10596907
10596907
10596907
10596907
10596907
10600349
10600349
10623818
10628908
10628908
10630576
10630576
10638899
10638899
10638899
10638899
10638899
10649202
10650289
10668291
10687140
10687140
10698105
10698105
10698105
10709325
10713785
10717235
10717235
10717235
10717235
10736865
10736865
10747355
10773367
10773367
10773367
10773367
10786182
10794623
10794623
10794623
10794623
10794623
10808591
10808591
10808591
10808591
10808591
10808591
10815174
10815174
10829456
10829456
10844609
10844609
10844609
10859994
10862806
10892275
10903726
10903726
10920730
10920730
10920730
10920730
10920730
10931793
10952989
10960499
10960499
10960499
10960499
10960499
10976579
10977886
10977886
11001104
11001104
11001104
11001104
11014572
11022664
11022664
11022664
11042152
11042152
11042152
11054585
11054585
11067697
11085920
11092904
11101791
11105951
11113755
11113781
11120013
11122223
11134561
11155363
11167806
11167806
11189512
11189512
11189512
11189512
11189512
11194901
11194901
11194901
11215868
11215868
11215868
11216261
11216261
11216261
11216261
11216261
11216261
11216261
11216261
11229533
11229533
11248010
11248010
11261209
11261209
11261209
11261209
11261209
11278212
11278212
11281274
11281274
11281274
11292550
11292550
11295267
11295267
11300098
11309265
11309265
11318872
11320724
11329681
11329681
11329681
11329681
11329681
11329681
11329681
11342702
11350064
11353792
11368110
11384950
11405330
11411964
11435612
11435612
11444748
11444748
11444748
11455913
11459502
11459502
11461760
11461760
11461760
11479716
11479716
11479716
11479716
11479716
11479716
11484814
11484814
11500052
11500052
11513521
11521010
11521010
11521010
11527127
11536902
11536902
11540744
11540744
11558113
11558113
11558113
11574778
11574778
11574778
11574778
11590669
11590669
11590669
11590669
11590669
11603916
11614275
11614275
11614275
11614275
11616063
11616063
11616063
11616063
11628952
11639839
11648821
11654945
11665012
11671447
11671447
11671447
11676736
11676736
11691089
11702957
11702957
11702957
11713643
11713643
11722360
11722360
11722360
11727464
11734703
11734703
11734703
11734703
11734703
11743532
11767035
11785189
11794458
11806357
11806357
11806357
11806357
11806357
11806357
11813516
11813516
11814113
11835971
11835971
11835971
11856698
11856698
11881863
11881863
11881863
11886695
11886695
11887447
11906383
11920707
11930360
11930390
11939841
11939841
11945067
11945067
11959976
11959976
11959976
11966038
11966038
11966038
11974058
11993247
11999807
12003305
12010434
12010434
12010434
12010434
12015518
12023612
12040771
12040771
12040771
12040771
12040771
12041837
12041837
12050686
12050686
12087159
12091070
12118985
12128759
12136141
12154410
12154931
12154931
12154931
12172572
12172572
12172572
12172572
12172572
12174908
12174908
12174908
12182366
12186672
12189407
12189407
12189407
12189407
12189407
12195085
12195085
12218826
12220202
12220202
12243608
12243608
12249073
12255824
12269101
12274622
12274622
12274622
12288881
12313201
12330386
12347811
12347811
12363754
12363754
12380287
12380287
12380287
12380287
12380287
12383417
12387835
12387835
12398671
12398671
12402877
12403568
12403942
12408706
12430960
12452593
12452593
12452593
12452593
12452593
12455486
12468340
12468340
12477790
12502613
12538747
12538747
12538747
12538747
12538747
12546431
12553137
12571927
12572021
12587359
12588505
12588505
12588505
12588505
12588505
12589212
12589212
12589212
12589212
12594864
12594864
12594864
12594864
12611074
12612995
12636310
12645671
12671229
12684830
12692869
12718011
12720192
12720865
12736722
12742283
12750203
12760927
12778480
12778480
12780119
12780119
12780119
12785467
12785467
12785467
12801359
12801359
12801571
12817915
12822323
12822323
12822323
12827024
12827024
12827024
12833619
12844650
12844650
12854707
12866690
12866690
12866690
12867423
12875640
12875640
12884449
12884449
12884449
12887092
12895733
12895733
12905884
12905884
12924502
12924502
12924502
12939841
12939841
12939841
12939841
12942041
12942041
12942041
12942041
12970484
12971579
12971579
12987473
13006896
13016196
13031803
13053204
13053204
13053204
13053204
13053204
13056497
13076270
13103197
13103197
13103197
13112103
13126319
13126319
13148187
13148187
13156908
13163973
13163973
13163973
13166845
13185041
13185041
13185041
13185041
13185041
13185041
13198239
13208905
13208905
13218375
13238780
13238780
13238780
13238780
13238780
13242541
13250224
13250224
13260009
13260009
13260009
13260009
13269571
13269571
13290194
13290194
13290194
13290194
13291265
13291265
13293998
13297292
13297292
13297292
13314361
13314361
13314361
13314361
13314361
13314361
13315693
13331537
13331537
13332783
13332783
13357849
13375859
13375859
13377473
13383052
13383052
13383052
13383052
13383052
13397235
13408637
13408637
13411978
13411978
13411978
13417735
13417735
13420667
13420667
13436942
13436942
13436942
13456490
13461096
13466410
13466410
13466410
13492834
13496568
13513293
13513293
13525085
13525085
13542034
13569931
13579463
13602820
13614369
13616185
13616185
13626173
13626173
13626173
13626461
13629167
13649127
13669564
13669564
13669564
13678663
13678663
13678663
13678663
13678663
13678663
13678663
13678663
13694824
13696580
13696580
13696580
13725223
13725223
13725223
13725892
13726814
13742287
13742287
13742287
13742287
13742287
13742287
13742287
13761053
13770471
13770471
13774511
13774511
13777490
13785336
13789389
13789389
13800712
13800712
13820605
13820605
13820605
13820605
13820812
13820812
13820812
13820812
13820812
13820812
13820812
13820812
13839726
13839726
13839726
13839726
13849493
13849493
13876163
13898329
13898329
13898329
13904979
13905305
13905305
13934493
13948458
13957888
13962056
13973521
13998436
13998436
14018903
14018903
14035211
14035211
14035211
14053187
14053187
14053187
14074234
14074234
14074234
14074234
14083614
14093636
14096782
14102318
14102318
14102318
14113890
14113890
14113890
14113890
14121378
14121378
14121380
14141717
14179101
14179445
14199058
14199058
14199058
14213546
14213546
14215901
14215901
14216373
14217906
14217906
14233113
14258665
14268126
14268126
14271822
14271822
14282967
14282967
14282967
14285267
14307160
14307160
14313054
14322136
14322136
14322136
14329328
14329328
14329328
14329328
14329328
14333262
14339732
14363144
14363144
14382023
14382023
14384348
14384348
14402906
14402906
14407548
14417682
14417682
14421056
14423349
14445994
14445994
14447160
14447160
14452882
14462408
14462408
14468184
14468184
14474221
14474221
14474221
14474221
14481545
14510998
14540344
14540344
14540344
14540344
14540344
14540344
14546502
14546502
14546502
14546502
14546502
14555425
14555425
14555425
14569841
14569841
14569841
14569841
14569841
14593740
14593740
14620778
14627217
14627217
14627217
14628648
14628648
14629640
14647162
14660604
14662177
14662177
14665620
14665620
14665620
14685017
14697357
14723552
14723552
14723552
14723552
14723552
14725800
14725800
14725800
14725800
14734042
14739922
14749183
14769188
14769188
14787856
14795991
14795991
14796419
14796419
14805516
14805516
14805516
14805516
14806913
14806913
14806913
14807062
14807062
14807062
14813234
14828390
14828390
14828390
14828390
14847867
14847867
14875943
14875943
14876621
14876621
14876621
14876621
14900598
14908980
14935719
14935719
14940418
14951775
14953474
14953474
14953474
14966834
14969242
14979411
14979411
14980833
14984592
15001208
15001208
15001208
15001208
15001208
15001208
15001208
15027804
15027804
15040448
15040448
15051183
15068015
15075826
15086427
15086427
15087709
15109661
15113191
15113586
15129454
15129454
15141222
15141222
15151368
15168673
15168673
15168673
15181215
15202199
15233645
15233645
15233645
15242721
15255791
15255791
15255791
15255791
15264172
15264172
15271182
15272465
15272465
15296145
15296145
15296145
15296145
15323048
15330561
15330561
15330561
15330561
15330561
15330578
15330578
15330578
15339403
15339403
15339403
15358362
15373035
15377053
15377053
15377053
15386805
15386805
15401450
15402442
15402442
15402442
15402442
15418648
15418648
15440797
15440797
15444031
15444050
15444050
15452167
15466584
15467409
15467409
15467409
15467409
15467409
15467409
15467409
15481717
15481717
15481717
15496159
15510926
15536250
15549921
15567627
15569555
15578086
15591896
15591896
15602043
15602043
15602043
15619976
15619976
15619976
15638397
15638397
15638397
15638397
15640485
15644434
15653425
15653425
15653425
15671220
15681106
15699948
15709094
15709094
15709094
15730825
15730825
15730825
15740785
15740785
15755783
15776478
15776478
15776478
15776478
15797717
15809293
15823963
15825419
15833662
15836438
15836999
15848373
15854060
15854060
15874371
15888622
15901600
15905463
15908553
15908553
15922937
15922937
15922937
15940565
15940565
15970847
15996593
15996593
15996593
15999127
16004618
16004618
16019191
16041886
16046223
16046223
16046223
16046223
16046223
16054416
16065015
16075943
16085973
16085973
16085973
16107795
16107795
16107795
16107795
16110548
16110548
16112476
16119916
16119916
16124026
16138948
16138948
16147425
16147425
16147425
16147425
16147425
16157537
16171546
16171546
16171546
16186574
16195238
16219527
16246706
16258234
16258234
16258234
16272338
16286563
16292391
16292391
16298379
16298379
16317072
16345195
16345195
16348728
16352175
16353971
16353971
16360073
16369275
16369275
16369275
16369275
16401658
16401658
16411542
16413084
16413084
16428980
16436810
16455430
16469007
16469007
16478370
16478370
16490481
16490481
16507846
16518844
16518844
16535327
16535327
16535327
16548028
16551360
16551360
16551360
16570035
16570035
16570035
16572050
16572050
16578877
16584747
16584747
16595860
16595860
16598006
16598006
16603142
16604793
16604793
16609171
16613326
16631074
16631074
16631074
16642266
16642266
16669015
16672589
16672589
16681596
16681596
16681596
16688991
16688991
16688991
16689654
16689654
16691705
16691705
16710115
16716580
16733435
16733435
16733435
16733435
16757412
16757412
16777920
16777920
16777920
16779624
16779624
16779624
16789822
16799257
16799257
16801951
16801951
16816369
16816369
16816369
16816369
16822926
16852323
16852323
16866957
16873073
16894822
16907215
16907215
16927671
16928401
16934516
16934516
16934516
16951440
16951867
16951867
16951867
16951867
16951867
16953551
16968253
16991858
16991858
17000936
17000936
17000936
17016029
17016029
17016029
17016029
17016029
17016029
17016029
17016029
17016029
17016029
17016029
17019702
17028849
17044582
17044582
17044582
17044582
17044582
17044582
17044582
17044582
17044582
17046619
17046619
17046619
17050102
17050102
17051681
17051681
17060511
17068343
17068343
17068343
17068343
17084773
17104180
17104180
17104180
17104180
17108285
17124744
17124744
17124744
17124744
17124744
17133010
17133010
17133010
17133010
17149531
17161520
17173988
17185254
17195631
17203094
17217855
17236002
17246682
17271668
17274802
17304889
17309271
17314936
17319473
17319473
17319473
17334288
17345574
17351572
17351572
17351572
17351572
17351572
17369444
17369444
17369444
17376607
17376607
17381813
17381813
17381813
17384212
17391863
17391863
17391863
17391863
17391863
17392997
17392997
17392997
17392997
17393286
17398972
17401791
17425903
17427926
17427926
17449903
17456514
17466992
17496911
17509958
17519699
17519699
17519699
17519699
17519699
17530703
17543435
17545794
17545794
17545794
17545794
17545794
17548880
17548880
17548880
17548880
17549005
17555029
17555029
17581704
17581704
17597695
17611378
17611378
17611378
17613286
17613286
17613286
17628468
17628468
17645530
17645530
17645530
17645530
17645530
17645530
17658087
17658500
17683105
17689699
17689699
17697263
17697263
17700065
17700065
17700065
17700065
17700065
17730409
17750532
17750532
17754810
17754810
17768910
17772671
17783017
17796661
17797899
17797899
17805572
17805572
17816411
17816411
17826522
17832871
17833685
17860737
17885330
17901085
17901145
17901145
17916691
17916691
17916691
17916691
17941015
17942190
17942190
17947300
17963082
17963082
17968743
17968743
17971361
17989691
18007063
18020399
18020399
18025535
18032419
18046616
18048067
18048067
18053229
18060890
18060890
18060890
18060890
18060890
18068592
18075407
18084582
18084582
18097696
18119783
18130693
18132688
18145063
18145063
18160721
18160721
18166130
18166130
18166130
18174450
18180257
18180257
18180257
18183353
18211054
18211054
18211054
18211054
18223056
18235493
18235493
18235493
18235493
18235493
18246408
18269498
18284916
18310038
18319418
18334034
18334034
18334034
18342820
18353990
18369256
18394382
18403731
18408474
18408474
18408826
18417304
18417304
18440497
18463917
18468982
18468982
18468982
18477214
18477214
18480256
18480256
18480256
18480256
18488849
18497922
18500495
18505804
18505804
18511544
18536233
18536233
18536233
18536233
18536233
18536233
18553364
18553364
18553364
18553364
18553364
18553364
18558686
18562680
18562680
18571740
18571740
18571740
18579100
18579100
18579100
18579100
18579862
18579862
18583490
18583490
18583490
18599746
18625449
18626128
18626128
18631343
18631343
18635751
18635751
18635751
18635751
18635751
18635751
18637168
18637168
18663430
18687368
18699633
18699633
18714718
18728586
18740121
18760330
18760330
18778135
18797547
18807446
18826701
18826701
18843552
18843552
18856344
18865379
18865379
18883685
18892682
18892682
18910072
18915625
18915625
18922691
18931239
18934579
18934579
18941840
18941840
18941840
18941840
18955004
18965843
18967985
18973241
18985307
18995108
18996432
18996432
18996432
19005650
19020060
19038502
19052242
19062654
19071159
19082536
19082536
19082536
19089292
19090358
19098920
19098920
19101837
19101837
19101837
19124655
19125696
19125696
19129253
19129253
19148122
19148536
19175746
19175746
19175746
19183851
19191399
19191399
19204734
19204734
19226280
19237339
19256947
19257407
19257407
19257407
19257407
19267949
19284605
19285347
19301183
19304836
19326187
19336603
19336603
19354395
19372163
19372163
19377841
19377841
19377841
19378829
19378829
19399886
19402290
19402290
19421283
19423629
19423629
19447205
19451860
19451860
19473235
19473235
19475148
19475148
19475148
19481861
19481861
19481861
19505679
19506146
19512258
19520146
19520146
19520146
19520146
19520146
19520146
19520146
19520146
19528222
19536803
19541737
19541737
19558909
19558909
19558909
19558909
19558991
19558991
19558991
19558991
19563712
19564214
19577403
19586351
19587601
19587601
19589394
19616281
19616281
19639160
19639160
19639160
19639160
19646174
19663912
19663912
19663912
19667424
19667424
19693930
19693930
19693930
19698151
19699227
19699227
19704620
19733098
19733098
19733098
19742962
19742962
19752723
19752723
19752723
19778013
19778013
19787118
19787118
19796743
19796743
19796743
19798273
19814634
19814634
19814634
19817020
19817020
19823034
19846948
19851875
19864015
19871323
19871323
19888114
19888114
19895635
19895635
19909418
19916151
19940715
19957332
19967840
19967840
19967840
19970222
19970281
19975773
20000591
20000591
20000591
20000591
20010705
20010705
20010705
20010705
20015276
20017691
20040250
20043227
20047061
20047061
20047061
20047642
20047642
20047642
20061999
20081450
20106199
20112472
20127230
20137415
20137423
20154885
20154885
20154885
20154885
20179060
20179060
20204299
20205754
20205754
20223409
20223409
20223409
20223409
20223409
20223409
20232661
20232661
20232661
20232661
20232661
20258841
20280296
20282866
20282866
20282866
20286895
20290123
20294282
20310751
20310751
20335696
20335696
20341247
20343042
20346365
20346365
20346365
20379217
20379217
20383138
20383138
20401796
20401796
20401796
20417342
20417342
20425553
20425553
20429195
20433238
20433238
20451522
20469583
20469583
20482374
20482374
20510077
20510077
20510077
20511341
20523906
20533268
20547408
20551139
20557167
20558624
20578357
20580565
20580565
20580565
20585709
20585709
20585709
20585709
20587993
20587993
20588181
20588181
20608443
20627063
20627063
20628431
20628431
20628431
20628431
20628431
20634622
20634622
20634622
20645498
20651080
20651080
20651080
20680926
20680926
20680926
20682133
20684996
20686757
20686757
20708495
20731611
20731611
20731611
20751998
20751998
20756104
20760641
20761421
20761421
20761421
20761421
20761421
20771183
20785731
20793653
20806574
20806574
20806574
20811484
20811484
20811484
20816849
20825828
20853755
20866436
20875519
20877310
20889079
20891290
20898594
20917767
20942640
20942640
20945900
20945900
20947463
20947463
20949480
20950874
20975582
20985381
20985381
20999161
20999161
20999161
20999161
21010204
21027227
21027227
21028407
21028407
21028407
21028407
21028407
21028407
21028407
21045627
21069533
21073216
21073216
21081130
21086213
21086213
21088334
21088334
21109665
21109679
21126666
21126666
21139064
21139064
21142164
21164661
21164661
21164661
21166082
21166082
21166082
21166082
21178949
21198515
21214784
21223678
21227236
21227236
21227236
21227236
21227236
21227236
21227236
21227236
21227236
21227236
21228792
21244415
21260183
21260183
21260183
21260183
21260183
21260183
21265496
21278291
21278291
21289338
21289338
21289338
21296252
21296252
21298043
21298043
21298043
21324506
21331249
21331550
21352506
21352506
21352506
21365631
21367153
21367153
21369025
21369025
21390478
21390478
21390478
21406523
21406523
21431922
21431922
21460388
21461787
21461787
21492756
21500269
21519266
21521359
21536579
21538519
21538519
21543902
21552875
21565111
21565111
21565111
21565633
21582164
21582164
21582164
21598031
21598031
21598031
21615547
21615547
21615547
21623823
21624793
21641095
21677927
21688205
21706609
21709608
21713798
21730804
21730804
21751610
21776509
21787698
21787698
21793239
21809016
21809016
21809016
21810450
21810450
21822106
21833488
21838844
21838844
21863383
21866279
21866279
21876112
21876112
21876112
21889132
21889132
21901089
21925742
21925742
21925742
21934613
21956502
21964438
21971709
21981462
21981462
21981462
21981462
21998730
21998730
21998730
21998730
22003500
22003500
22003500
22003500
22015238
22015238
22015238
22037655
22059465
22059465
22069206
22069206
22069206
22069650
22069650
22069650
22069650
22069650
22079490
22079490
22079490
22086884
22086884
22086884
22086884
22086884
22086884
22105521
22120208
22128381
22128381
22135330
22138276
22143267
22145138
22145138
22149593
22149593
22149593
22152351
22152351
22152351
22174008
22189509
22189509
22189509
22189509
22189509
22196079
22196079
22210553
22210553
22212403
22212403
22212403
22212403
22212403
22212403
22241180
22241180
22241180
22248841
22248841
22248841
22248841
22248841
22248841
22250214
22250214
22250214
22267488
22267488
22267488
22267671
22269878
22269878
22276799
22291858
22303356
22310857
22335300
22358922
22376141
22383390
22383390
22383390
22397521
22415452
22415452
22420714
22447005
22450160
22452369
22452369
22453387
22458588
22463755
22471793
22475737
22500614
22500614
22515808
22515808
22521113
22521113
22521113
22526594
22526594
22528280
22528280
22553821
22570164
22582385
22602365
22611552
22611552
22642774
22642774
22650538
22650538
22654041
22654041
22654061
22675295
22675295
22688071
22699399
22725016
22726229
22738078
22738078
22738643
22738643
22752772
22759731
22769259
22769259
22769259
22773184
22773184
22777952
22777952
22777952
22781809
22781809
22797303
22798863
22807577
22811740
22811973
22818802
22824953
22826074
22826074
22829719
22854539
22854539
22854539
22861351
22861351
22861351
22863147
22863147
22870149
22876130
22879503
22882745
22889024
22899084
22910159
22920871
22920871
22920871
22948371
22948947
22965188
22977991
22977991
23005529
23029652
23053429
23053429
23053429
23053429
23069661
23069999
23076205
23079170
23084425
23106044
23106044
23106044
23134224
23134224
23134224
23134224
23148510
23173459
23173639
23173639
23173639
23173639
23183863
23190531
23190531
23198419
23208918
23215001
23215001
23220828
23220828
23228077
23233483
23250140
23250140
23250140
23250140
23250140
23250140
23250140
23250140
23270103
23286278
23309198
23309198
23329031
23329031
23329031
23329031
23342837
23348780
23354078
23366741
23366741
23369269
23369269
23369269
23373150
23377660
23377660
23382625
23382625
23382625
23385471
23393509
23415467
23415467
23417019
23423493
23423493
23423493
23423493
23423493
23423493
23427114
23444147
23467609
23467609
23467609
23467609
23467609
23467609
23467609
23477294
23477294
23479632
23500148
23526019
23546724
23546724
23573115
23601792
23602251
23602251
23602251
23602251
23615079
23629361
23643450
23647553
23659252
23661885
23661885
23673547
23673547
23673547
23682050
23682050
23688673
23688673
23688673
23700019
23715645
23739094
23763832
23767993
23767993
23786333
23786333
23786333
23786333
23799192
23799192
23822721
23822721
23830787
23846493
23846493
23849817
23849817
23849817
23849817
23849817
23863096
23885816
23896569
23896569
23923880
23937055
23957408
23965151
23965621
23965621
23972963
23972963
23972963
23972963
23972963
23979003
23979003
23980085
23981436
23986952
23989633
23993511
23993511
23996386
24007603
24007603
24018655
24018655
24033466
24033466
24037199
24050584
24063490
24063490
24063490
24073852
24098344
24118967
24118967
24118967
24132734
24138673
24149991
24151363
24155016
24162411
24172054
24178604
24189224
24189243
24214958
24214958
24237990
24237990
24237990
24254060
24263765
24269757
24269757
24269757
24269757
24269757
24271598
24287039
24303698
24303698
24303698
24324560
24324560
24326656
24326656
24328750
24328750
24328750
24328750
24328750
24328750
24329683
24340410
24340410
24340410
24340410
24348192
24349693
24349693
24349693
24349693
24349693
24349693
24349693
24359470
24377794
24406763
24414147
24414147
24414147
24414147
24414147
24414147
24414147
24436431
24436431
24438570
24459240
24459240
24459240
24470022
24489345
24490847
24490847
24502263
24512727
24527022
24527022
24553845
24566613
24577620
24577620
24588590
24592487
24592487
24592487
24597740
24597740
24597740
24613404
24613404
24613404
24613404
24621526
24623617
24627757
24627757
24627757
24627757
24629749
24632027
24632027
24632027
24632027
24647966
24647966
24647966
24676216
24677224
24677224
24677224
24684362
24684362
24684362
24702576
24716479
24724878
24724878
24726639
24726639
24726639
24726639
24726639
24726639
24734336
24754890
24757932
24784364
24790564
24812389
24825408
24848058
24867377
24889175
24897922
24908275
24908275
24909301
24938338
24938338
24938338
24946404
24949467
24949467
24958742
24971093
24971588
24971588
24978776
24982528
24982758
24986267
24993130
25016056
25017208
25017208
25030770
25030770
25030770
25047181
25047181
25047181
25063169
25063169
25063169
25063169
25089878
25093121
25100938
25100938
25111696
25117595
25119015
25138806
25138806
25160173
25160173
25165296
25171181
25171181
25171181
25177350
25177350
25177350
25177350
25205259
25207776
25215325
25215325
25215325
25240568
25250238
25250238
25250238
25253779
25253779
25265434
25265434
25265434
25266419
25290089
25313727
25330837
25330837
25330837
25344492
25345374
25363726
25366688
25380144
25381080
25381080
25381080
25381080
25384039
25384039
25384039
25387252
25412938
25420312
25420312
25422225
25442504
25442504
25444566
25446592
25446592
25450858
25460820
25460820
25460820
25477421
25477421
25477421
25477421
25477421
25477963
25477963
25477963
25484397
25490370
25492008
25518897
25534002
25546056
25548650
25548650
25556827
25556827
25556827
25564246
25564246
25576848
25576848
25579139
25604426
25604426
25608754
25608754
25614558
25614558
25619645
25619645
25629293
25629293
25629293
25629293
25629293
25629293
25638419
25647467
25663516
25663516
25664882
25664882
25664882
25674154
25674154
25682740
25683825
25687034
25707568
25721627
25741243
25741243
25741243
25741243
25741243
25743737
25751656
25765108
25765108
25777446
25777446
25777446
25778348
25778348
25781972
25794440
25824377
25830105
25854001
25854001
25854001
25854001
25854001
25854001
25854001
25866104
25868983
25868983
25868983
25868983
25868983
25870537
25870537
25870537
25881006
25902160
25902160
25902160
25902473
25909000
25909000
25921241
25921241
25940336
25940336
25940336
25947491
25947491
25947491
25968597
25968597
25970294
25979418
25979418
25988634
25988634
25999998
25999998
26004046
26005956
26005956
26013455
26013455
26013455
26021217
26027348
26046451
26062843
26068852
26068852
26068852
26072146
26072187
26075480
26079800
26079800
26079800
26079800
26079800
26079800
26084704
26086922
26097292
26110065
26129383
26129383
26129383
26146376
26154246
26154246
26181515
26189173
26192459
26221657
26225412
26230103
26248922
26248922
26255390
26255390
26255826
26269106
26286797
26289900
26289900
26295485
26298519
26298519
26298519
26320322
26320322
26339008
26339008
26339008
26339008
26347603
26374527
26382720
26382720
26382720
26382720
26390501
26390501
26390501
26399838
26407813
26420839
26420839
26439709
26439709
26441836
26451350
26451350
26471054
26478333
26478333
26496056
26500161
26500161
26500161
26505063
26505063
26535354
26549074
26549074
26572821
26578314
26578314
26586039
26605436
26605436
26623346
26630563
26647976
26665498
26667453
26676541
26682173
26701338
26701338
26701338
26705788
26705788
26707556
26718636
26729443
26729443
26729443
26731825
26731825
26732221
26755352
26768623
26768623
26769447
26769447
26769494
26769756
26769756
26776520
26776720
26776720
26776720
26797249
26823127
26823127
26833441
26851090
26851090
26851090
26872938
26889530
26889530
26904904
26916634
26927616
26934977
26953565
26955618
26955618
26962510
26962510
26962510
26969924
26969924
26974849
26974849
26974849
26984327
26984327
26993952
26997219
27017932
27017932
27017932
27023786
27027483
27039279
27050952
27050952
27050952
27060128
27060128
27065721
27065721
27092165
27092165
27092165
27118031
27118031
27132881
27132881
27132881
27147194
27147194
27147880
27147880
27151481
27151481
27151481
27153316
27169756
27169756
27179047
27194066
27194066
27207179
27222551
27222551
27239665
27239665
27239665
27239665
27239665
27251506
27253140
27263607
27287985
27287985
27317250
27321533
27348159
27348159
27350384
27350864
27350864
27367175
27395602
27395602
27395602
27395602
27395602
27395602
27405686
27405686
27405686
27405686
27405686
27405686
27418949
27433401
27443746
27451182
27470995
27470995
27480385
27480385
27498395
27498395
27502385
27502385
27502385
27515247
27524737
27531493
27531493
27544105
27591757
27603554
27603554
27603554
27604260
27606085
27607715
27628877
27628877
27628877
27644157
27652444
27652444
27652444
27652444
27652444
27652444
27663209
27663209
27663209
27689386
27689386
27700021
27711354
27711354
27711354
27724098
27745722
27745722
27751300
27751300
27751300
27751300
27751300
27753497
27753497
27753497
27753497
27769974
27781218
27781218
27788417
27788417
27796790
27796790
27800859
27801074
27803618
27828584
27830947
27851879
27851879
27866992
27883215
27883215
27883215
27908703
27924295
27924295
27924295
27924295
27924295
27932904
27940727
27940727
27940727
27964557
27964557
27964557
27966996
27978987
27983098
28012436
28013661
28016495
28016495
28016495
28016495
28016495
28043691
28043691
28057413
28068486
28068486
28070447
28071083
28073700
28090979
28090979
28090979
28091169
28091169
28115470
28128308
28142969
28142969
28142969
28165468
28165468
28165468
28192333
28192333
28198831
28198831
28198831
28198831
28198831
28198831
28210643
28210643
28222444
28240367
28259424
28259424
28259424
28259424
28268721
28285845
28306239
28306239
28306953
28306953
28324724
28331931
28334350
28346183
28349959
28356302
28364668
28366132
28366132
28366132
28366735
28366735
28366735
28366735
28367204
28367204
28382208
28396571
28396571
28396571
28396571
28396571
28400222
28406676
28406676
28406676
28424051
28428463
28442316
28452071
28452071
28452071
28452071
28452071
28471724
28471724
28471724
28492801
28492801
28492801
28510912
28515860
28520375
28544933
28552639
28570699
28570699
28570699
28575152
28595603
28620073
28620073
28647201
28660111
28668073
28668073
28668073
28668073
28669751
28669751
28684341
28692435
28703694
28703694
28703694
28703743
28715439
28744122
28760420
28769464
28775817
28795414
28820080
28820080
28820080
28820080
28822877
28824942
28824942
28824942
28844629
28864376
28872081
28896494
28896494
28896494
28915809
28915809
28916050
28937050
28937050
28937050
28937050
28937050
28937050
28937050
28939649
28967113
28967113
28967657
28971544
28971544
28975467
28975467
28975467
28982896
29001191
29001191
29001191
29002800
29002800
29009646
29014629
29020501
29020655
29020655
29020655
29035734
29053919
29056375
29083859
29083859
29083859
29094511
29110012
29110012
29113360
29113360
29113360
29114431
29126608
29126608
29126608
29130604
29139726
29142471
29142471
29142471
29164141
29165361
29165361
29169296
29169296
29181200
29182585
29205908
29205908
29209568
29209568
29209568
29209997
29209997
29222547
29222547
29226817
29226976
29244123
29244123
29244123
29244123
29244123
29262454
29262454
29262454
29262454
29264600
29265939
29265939
29267857
29267857
29267857
29287461
29301886
29308915
29308915
29310790
29310790
29310790
29310790
29324104
29344521
29363047
29363047
29370815
29371035
29384162
29395248
29395248
29399588
29399588
29399588
29407507
29415042
29425174
29425174
29425174
29428089
29432605
29432605
29432605
29435445
29442295
29444671
29452352
29462188
29462188
29462188
29483520
29488248
29493527
29512703
29516573
29522987
29522987
29522987
29529870
29529870
29529870
29529870
29529870
29539642
29558738
29560829
29571365
29576254
29576254
29576254
29584991
29592356
29592356
29610696
29611809
29627853
29651939
29661657
29661657
29673892
29677110
29685196
29685196
29711243
29712197
29726633
29726633
29726633
29729769
29729769
29746850
29761013
29761013
29761693
29763996
29767436
29768259
29768259
29768259
29774752
29775915
29795384
29795384
29795384
29796299
29796299
29812561
29814070
29824320
29824320
29824320
29839203
29839203
29839203
29845683
29845803
29845803
29856861
29856861
29856861
29865898
29867218
29867218
29868566
29868566
29868566
29871441
29873964
29873964
29876089
29876089
29877434
29881773
29906673
29909705
29909705
29922348
29922348
29927900
29944563
29945605
29968301
29968301
29992446
29993823
29993823
30006885
30030354
30032227
30038145
30054223
30066301
30073455
30075475
30085474
30085474
30087280
30087280
30087280
30103607
30103607
30103607
30126302
30132238
30132238
30154440
30158430
30173711
30179093
30185297
30185297
30205566
30213513
30213513
30232619
30232619
30232619
30232619
30232619
30235891
30235891
30235891
30235891
30237577
30237577
30245875
30248213
30257923
30257923
30265256
30287134
30307822
30336641
30336641
30338266
30338266
30338266
30359130
30359130
30368373
30368373
30396747
30413701
30442529
30469631
30487498
30487498
30487498
30487498
30487498
30487498
30487498
30498345
30519793
30530823
30530823
30533703
30535080
30535080
30535080
30557792
30567708
30569831
30587204
30587204
30587204
30587204
30594580
30594580
30594580
30610918
30625467
30625467
30625467
30629426
30630510
30648567
30648567
30659489
30659489
30659489
30659489
30666193
30684998
30706269
30706269
30723175
30723175
30737440
30737440
30737440
30737440
30737440
30737440
30737440
30737440
30752792
30774179
30799176
30803550
30816422
30816422
30816422
30819305
30822005
30824468
30824468
30844620
30860878
30870698
30870698
30877387
30891661
30891661
30891661
30898775
30914557
30939609
30939609
30961300
30979133
30979133
30987740
30991376
30991376
30991376
30991376
30991376
30996269
31000121
31004203
31004203
31029378
31029378
31049842
31049842
31049842
31049842
31049842
31072876
31085027
31085027
31085027
31109348
31116525
31126856
31141037
31142872
31142872
31143499
31149207
31149207
31159867
31159867
31159867
31172688
31187197
31187197
31187517
31202225
31202225
31228286
31230899
31237196
31237196
31237196
31237196
31237196
31237196
31237196
31237196
31237196
31237196
31243747
31251617
31253283
31253283
31264358
31264649
31274422
31274422
31275152
31278016
31285715
31288527
31296997
31296997
31303155
31303155
31316012
31316012
31336126
31348061
31348061
31351134
31351134
31351134
31351134
31380122
31400806
31400806
31419596
31423328
31425765
31425765
31429409
31429409
31429409
31430653
31430653
31430653
31444200
31465568
31478641
31492613
31492613
31501560
31501560
31501560
31512319
31515830
31522679
31528426
31528426
31528426
31528426
31528426
31539178
31559579
31586949
31604164
31608771
31608771
31634821
31634821
31634821
31634821
31643057
31643057
31643057
31665471
31686174
31686174
31691929
31697663
31697663
31697663
31697663
31703390
31703390
31711793
31725715
31752750
31782459
31795695
31795695
31801371
31801371
31801611
31801611
31806126
31806126
31806126
31812219
31812219
31812219
31814322
31820031
31820031
31823922
31823922
31823922
31823922
31823922
31823922
31838813
31845555
31845555
31845555
31853197
31864461
31867076
31871295
31871295
31878881
31886230
31893455
31904373
31905804
31926648
31929725
31938060
31939732
31939732
31966413
31966413
32009119
32022848
32027735
32027735
32027735
32028134
32045049
32049087
32072266
32093543
32093543
32093543
32103028
32103028
32103028
32103028
32125458
32141195
32154126
32155720
32157831
32158005
32169881
32169881
32176183
32178891
32178941
32181517
32191792
32211401
32211401
32211401
32211401
32211401
32232121
32232121
32232196
32232196
32232196
32255821
32273517
32291313
32296915
32307175
32310968
32310968
32310968
32334054
32338464
32338464
32338464
32339560
32339560
32339560
32339560
32339560
32339560
32339560
32339560
32339560
32345399
32372183
32372183
32395472
32395472
32421730
32421730
32440090
32440090
32440090
32440090
32447703
32469512
32471723
32483769
32489411
32489411
32489411
32489411
32489411
32489411
32510546
32510546
32510546
32521873
32529165
32529747
32541069
32542109
32544065
32556757
32556757
32556757
32556757
32556757
32556757
32571618
32571618
32573684
32596787
32596787
32608014
32608014
32609684
32609684
32613303
32620505
32630205
32644989
32644989
32647065
32655883
32667242
32675676
32675676
32681031
32681031
32689389
32689389
32707204
32707204
32712483
32728062
32728062
32728062
32743120
32748746
32748746
32771906
32796038
32796038
32805229
32822748
32828507
32846391
32846391
32846391
32851691
32864099
32864099
32868257
32884258
32884258
32896105
32906211
32918757
32918757
32922935
32947037
32949320
32962788
32969544
32991552
32997960
32997960
33001903
33001903
33014223
33014223
33035790
33041382
33043740
33059936
33059936
33067307
33067307
33079288
33084528
33088243
33088243
33088243
33091666
33104858
33104858
33117340
33123716
33129246
33137058
33137245
33137245
33137402
33137402
33144917
33146826
33149472
33149472
33151248
33168566
33178946
33178946
33178946
33179522
33183219
33183490
33186159
33192926
33208563
33216434
33234586
33234586
33234586
33242745
33242745
33262280
33273799
33273799
33273799
33273799
33279701
33279701
33287632
33293798
33317053
33317053
33317053
33317053
33317053
33317053
33317053
33336928
33336928
33342369
33349826
33357887
33357887
33357887
33357887
33372885
33397253
33414889
33430104
33447734
33464702
33464702
33486268
33512967
33512967
33514384
33527395
33540121
33549224
33549224
33549224
33561386
33571673
33586621
33605769
33605769
33615557
33615557
33619148
33620303
33635188
33650358
33668420
33683968
33691407
33707783
33735170
33735170
33745470
33745470
33745470
33762366
33762366
33762366
33762366
33770535
33779089
33780131
33780131
33802674
33811323
33811323
33811323
33814702
33816434
33841176
33844204
33851175
33854416
33854416
33854924
33854924
33855242
33855242
33855242
33863957
33863957
33863957
33864036
33864036
33875842
33889930
33892985
33894874
33894874
33898784
33898784
33904872
33925327
33925327
33939460
33939460
33959957
33976954
33988432
34013276
34013276
34032543
34050114
34057040
34061763
34078323
34078323
34103541
34103541
34104497
34114956
34114956
34115222
34123634
34137370
34144128
34146916
34166465
34173596
34202524
34223076
34242287
34264690
34266855
34266855
34268099
34268099
34268099
34268099
34284971
34284971
34294305
34300556
34308287
34308287
34308287
34321313
34343609
34345266
34355190
34361631
34369050
34389306
34389306
34389306
34389306
34405655
34405655
34405902
34414224
34425817
34429687
34440017
34462795
34462795
34474282
34475851
34491983
34504532
34504532
34509074
34513804
34536393
34549152
34549152
34572730
34572806
34587114
34587114
34587114
34602611
34602611
34602611
34609321
34609321
34609321
34609321
34609321
34610271
34620923
34620923
34624875
34624875
34641210
34646600
34646600
34646600
34654625
34661338
34661338
34661338
34669439
34684890
34684890
34684890
34691051
34692863
34697542
34697542
34715974
34726872
34729130
34729130
34729130
34751031
34751031
34751031
34767744
34767744
34786924
34788655
34788655
34801639
34801639
34801639
34801639
34801639
34804768
34819403
34819403
34819403
34823422
34823422
34849554
34855830
34855830
34869582
34892908
34892908
34895221
34895221
34895221
34895221
34911554
34911554
34921119
34928274
34932549
34933896
34951594
34951594
34953967
34972557
34973122
34973122
34973122
34973122
34999004
34999004
35011105
35011105
35025565
35030643
35042568
35049657
35049657
35066520
35077275
35077275
35090415
35090415
35090415
35108731
35108731
35108731
35110702
35112146
35140892
35160750
35168838
35168838
35185317
35197796
35210862
35210862
35210862
35210862
35214748
35222649
35246034
35252909
35252909
35276875
35280679
35304281
35304281
35304281
35304281
35315833
35315833
35315833
35335851
35344277
35369477
35394792
35398096
35415011
35415011
35415011
35429161
35429161
35450675
35470129
35486314
35486314
35490391
35490391
35490391
35490391
35490391
35490391
35496082
35496082
35496082
35496082
35501293
35501293
35514762
35533803
35541845
35541845
35541845
35543340
35550159
35550159
35551055
35551055
35567552
35582482
35582482
35597284
35597284
35612972
35612972
35612972
35612972
35614951
35614951
35625962
35625962
35633043
35650496
35654428
35658324
35658324
35658324
35668942
35668942
35668942
35688763
35688763
35707903
35707903
35707903
35726522
35727016
35745265
35745265
35745856
35745856
35746185
35758107
35758989
35788906
35790825
35790825
35791769
35804301
35804301
35804301
35804301
35804301
35804301
35807757
35807757
35831573
35835471
35835471
35842611
35845461
35852946
35855400
35855400
35877758
35877758
35884508
35884508
35901744
35906634
35908133
35913443
35915153
35942078
35942078
35954730
35978344
35998537
35999640
35999640
36012619
36012619
36016674
36030437
36043461
36061067
36061067
36067837
36077573
36084482
36102597
36102597
36116510
36116510
36116510
36116510
36119231
36119231
36119231
36147819
